1.903072 10.000000 1.000000
1.982896 11.735874 1.520000
2.176028 13.213766 2.040000
2.452851 14.396998 2.560000
2.787887 15.359199 3.080000
3.160866 16.169867 3.600000
3.557022 16.876786 4.120000
3.966326 17.512354 4.640000
4.382357 18.100428 5.160000
4.801277 18.659456 5.680000
5.221081 19.203192 6.200000
5.641105 19.740671 6.720000
6.061663 20.276394 7.240000
6.483764 20.810945 7.760000
6.908830 21.341967 8.280000
7.338414 21.865296 8.800000
7.773929 22.376072 9.320000
8.216407 22.869724 9.840000
8.666314 23.342728 10.360000
9.123443 23.793122 10.880000
9.586881 24.220745 11.400000
10.055064 24.627245 11.920000
10.525897 25.015857 12.440000
10.996928 25.391039 12.960000
11.465550 25.757990 13.480000
11.929215 26.122139 14.000000
12.385627 26.488653 14.520000
12.832920 26.862004 15.040000
13.269780 27.245640 15.560000
13.695531 27.641783 16.080000
14.110158 28.051336 16.600000
14.514289 28.473919 17.120000
14.909131 28.907996 17.640000
15.296369 29.351081 18.160000
15.678040 29.799982 18.680000
16.056399 30.251066 19.200000
16.433774 30.700528 19.720000
16.812432 31.144620 20.240000
17.194467 31.579857 20.760000
17.581695 32.003167 21.280000
17.975586 32.412008 21.800000
18.377220 32.804423 22.320000
18.787262 33.179078 22.840000
19.205970 33.535254 23.360000
19.633210 33.872822 23.880000
20.068501 34.192205 24.400000
20.511056 34.494332 24.920000
20.959839 34.780586 25.440000
21.413621 35.052753 25.960000
21.871039 35.312977 26.479999
22.330647 35.563713 26.999999
22.790967 35.807688 27.519997
23.250529 36.047860 28.039995
23.707909 36.287381 28.559990
24.161754 36.529564 29.079982
24.610803 36.777842 29.599969
25.053895 37.035737 30.119945
25.489976 37.306816 30.639906
25.918093 37.594655 31.159842
26.337385 37.902796 31.679738
26.747072 38.234700 32.199572
27.146436 38.593703 32.719313
27.534810 38.982963 33.238913
27.911560 39.405408 33.758306
28.276076 39.863687 34.277397
28.627763 40.360116 34.796058
28.966044 40.896630 35.314110
29.290362 41.474740 35.831317
29.600189 42.095502 36.347365
29.895044 42.759489 36.861848
30.174511 43.466782 37.374243
30.438254 44.216979 37.883892
30.686043 45.009207 38.389978
30.917767 45.842165 38.891500
31.133446 46.714170 39.387250
31.333243 47.623221 39.875798
31.517462 48.567071 40.355468
31.686542 49.543298 40.824337
31.841049 50.549388 41.280231
31.981650 51.582803 41.720732
32.109099 52.641045 42.143203
32.224205 53.721710 42.544825
32.327805 54.822528 42.922644
32.420735 55.941382 43.273644
32.503806 57.076316 43.594825
32.577778 58.225529 43.883302
32.643340 59.387351 44.136413
32.701095 60.560212 44.351842
32.751546 61.742605 44.527738
32.795095 62.933038 44.662840
32.832036 64.130002 44.756604
32.862558 65.331922 44.809304
32.886748 66.537131 44.822131
32.904601 67.743842 44.797266
32.916023 68.950132 44.737927
32.920839 70.153934 44.648385
32.918804 71.353042 44.533954
32.909609 72.545118 44.400938
32.892888 73.727708 44.256555
32.868222 74.898267 44.108825
32.835151 76.054182 43.966431
32.793169 77.192803 43.838559
32.741738 78.311472 43.734719
32.680290 79.407556 43.664555
32.608228 80.478478 43.637658
32.524937 81.521751 43.663366
32.429790 82.535012 43.750592
32.322149 83.516057 43.907649
32.201383 84.462877 44.142101
32.066866 85.373699 44.460638
31.917994 86.247023 44.868960
31.754192 87.081665 45.371698
31.574924 87.876800 45.972346
31.379705 88.632003 46.673217
31.168110 89.347289 47.475419
30.939786 90.023151 48.378837
30.694460 90.660589 49.382138
30.431951 91.261135 50.482778
30.152178 91.826867 51.677029
29.855167 92.360409 52.960005
29.541064 92.864921 54.325703
29.210136 93.344065 55.767058
28.862781 93.801969 57.276008
28.499532 94.243157 58.843574
28.121060 94.672473 60.459958
27.728173 95.094988 62.114665
27.321818 95.515888 63.796630
26.903075 95.940359 65.494380
26.473147 96.373456 67.196196
26.033349 96.819972 68.890293
25.585088 97.284314 70.565004
25.129840 97.770374 72.208958
24.669124 98.281420 73.811251
24.204466 98.820000 75.361592
23.737363 99.387866 76.850427
23.269242 99.985922 78.269021
22.801418 100.614203 79.609502
22.335056 101.271875 80.864864
21.871132 101.957272 82.028915
21.410404 102.667960 83.096196
20.953388 103.400824 84.061851
20.500347 104.152185 84.921481
20.051295 104.917935 85.670978
19.606015 105.693691 86.306362
19.164084 106.474954 86.823631
18.724924 107.257279 87.218647
18.287855 108.036447 87.487054
17.852163 108.808618 87.624268
17.417167 109.570487 87.625518
16.982288 110.319409 87.485955
16.547115 111.053500 87.200827
16.111451 111.771716 86.765701
15.675352 112.473880 86.176734
15.239134 113.160681 85.430953
14.803368 113.833624 84.526550
14.368841 114.494931 83.463137
13.936498 115.147405 82.241965
13.507366 115.794246 80.866072
13.082457 116.438842 79.340344
12.662677 117.084538 77.671488
12.248723 117.734395 75.867900
11.841003 118.390970 73.939451
11.439573 119.056120 71.897189
11.044100 119.730859 69.752984
10.653858 120.415291 67.519142
10.267763 121.108609 65.208010
9.884440 121.809191 62.831605
9.502319 122.514769 60.401293
9.119751 123.222666 57.927530
8.735139 123.930084 55.419695
8.347063 124.634399 52.886004
7.954392 125.333446 50.333519
7.556374 126.025746 47.768250
7.152684 126.710666 45.195324
6.743444 127.388473 42.619230
6.329194 128.060299 40.044114
5.910845 128.728009 37.474131
5.489600 129.393998 34.913828
5.066887 130.060946 32.368570
4.644302 130.731536 29.844997
4.223589 131.408177 27.351500
3.806678 132.092700 24.898700
3.395774 132.786025 22.499894
2.993493 133.487779 20.171406
2.603020 134.195824 17.932770
2.228244 134.905730 15.806615
1.873811 135.610229 13.818129
1.545018 136.298822 11.993953
1.247510 136.957734 10.360389
0.986731 137.570487 8.940886
0.767159 138.119335 7.752915
0.591433 138.587644 6.804563
0.459546 138.963020 6.091461
0.368359 139.240551 5.594929
0.311692 139.425128 5.282358
0.281158 139.531610 5.110640
0.267668 139.581978 5.032748
0.263222 139.599740 5.006200
0.262309 139.603640 5.000517
0.262230 139.603997 5.000006
